0,0,0,0.0,0,0
0,0,0,0.010471975512,0,0
0,0,0,0.0209439510239,0,0
0,0,0,0.0314159265359,0,0
0,0,0,0.0418879020479,0,0
0,0,0,0.0523598775598,0,0
0,0,0,0.0628318530718,0,0
0,0,0,0.0733038285838,0,0
0,0,0,0.0837758040957,0,0
0,0,0,0.0942477796077,0,0
0,0,0,0.10471975512,0,0
0,0,0,0.115191730632,0,0
0,0,0,0.125663706144,0,0
0,0,0,0.136135681656,0,0
0,0,0,0.146607657168,0,0
0,0,0,0.157079632679,0,0
0,0,0,0.167551608191,0,0
0,0,0,0.178023583703,0,0
0,0,0,0.188495559215,0,0
0,0,0,0.198967534727,0,0
0,0,0,0.209439510239,0,0
0,0,0,0.219911485751,0,0
0,0,0,0.230383461263,0,0
0,0,0,0.240855436775,0,0
0,0,0,0.251327412287,0,0
0,0,0,0.261799387799,0,0
0,0,0,0.272271363311,0,0
0,0,0,0.282743338823,0,0
0,0,0,0.293215314335,0,0
0,0,0,0.303687289847,0,0
0,0,0,0.314159265359,0,0
0,0,0,0.324631240871,0,0
0,0,0,0.335103216383,0,0
0,0,0,0.345575191895,0,0
0,0,0,0.356047167407,0,0
0,0,0,0.366519142919,0,0
0,0,0,0.376991118431,0,0
0,0,0,0.387463093943,0,0
0,0,0,0.397935069455,0,0
0,0,0,0.408407044967,0,0
0,0,0,0.418879020479,0,0
0,0,0,0.429350995991,0,0
0,0,0,0.439822971503,0,0
0,0,0,0.450294947015,0,0
0,0,0,0.460766922527,0,0
0,0,0,0.471238898038,0,0
0,0,0,0.48171087355,0,0
0,0,0,0.492182849062,0,0
0,0,0,0.502654824574,0,0
0,0,0,0.513126800086,0,0
0,0,0,0.523598775598,0,0
0,0,0,0.513126800086,0,0
0,0,0,0.502654824574,0,0
0,0,0,0.492182849062,0,0
0,0,0,0.48171087355,0,0
0,0,0,0.471238898038,0,0
0,0,0,0.460766922527,0,0
0,0,0,0.450294947015,0,0
0,0,0,0.439822971503,0,0
0,0,0,0.429350995991,0,0
0,0,0,0.418879020479,0,0
0,0,0,0.408407044967,0,0
0,0,0,0.397935069455,0,0
0,0,0,0.387463093943,0,0
0,0,0,0.376991118431,0,0
0,0,0,0.366519142919,0,0
0,0,0,0.356047167407,0,0
0,0,0,0.345575191895,0,0
0,0,0,0.335103216383,0,0
0,0,0,0.324631240871,0,0
0,0,0,0.314159265359,0,0
0,0,0,0.303687289847,0,0
0,0,0,0.293215314335,0,0
0,0,0,0.282743338823,0,0
0,0,0,0.272271363311,0,0
0,0,0,0.261799387799,0,0
0,0,0,0.251327412287,0,0
0,0,0,0.240855436775,0,0
0,0,0,0.230383461263,0,0
0,0,0,0.219911485751,0,0
0,0,0,0.209439510239,0,0
0,0,0,0.198967534727,0,0
0,0,0,0.188495559215,0,0
0,0,0,0.178023583703,0,0
0,0,0,0.167551608191,0,0
0,0,0,0.157079632679,0,0
0,0,0,0.146607657168,0,0
0,0,0,0.136135681656,0,0
0,0,0,0.125663706144,0,0
0,0,0,0.115191730632,0,0
0,0,0,0.10471975512,0,0
0,0,0,0.0942477796077,0,0
0,0,0,0.0837758040957,0,0
0,0,0,0.0733038285838,0,0
0,0,0,0.0628318530718,0,0
0,0,0,0.0523598775598,0,0
0,0,0,0.0418879020479,0,0
0,0,0,0.0314159265359,0,0
0,0,0,0.0209439510239,0,0
0,0,0,0.010471975512,0,0
0,0,0,0.0,0,0
0,0,0,-0.010471975512,0,0
0,0,0,-0.0209439510239,0,0
0,0,0,-0.0314159265359,0,0
0,0,0,-0.0418879020479,0,0
0,0,0,-0.0523598775598,0,0
0,0,0,-0.0628318530718,0,0
0,0,0,-0.0733038285838,0,0
0,0,0,-0.0837758040957,0,0
0,0,0,-0.0942477796077,0,0
0,0,0,-0.10471975512,0,0
0,0,0,-0.115191730632,0,0
0,0,0,-0.125663706144,0,0
0,0,0,-0.136135681656,0,0
0,0,0,-0.146607657168,0,0
0,0,0,-0.157079632679,0,0
0,0,0,-0.167551608191,0,0
0,0,0,-0.178023583703,0,0
0,0,0,-0.188495559215,0,0
0,0,0,-0.198967534727,0,0
0,0,0,-0.209439510239,0,0
0,0,0,-0.219911485751,0,0
0,0,0,-0.230383461263,0,0
0,0,0,-0.240855436775,0,0
0,0,0,-0.251327412287,0,0
0,0,0,-0.261799387799,0,0
0,0,0,-0.272271363311,0,0
0,0,0,-0.282743338823,0,0
0,0,0,-0.293215314335,0,0
0,0,0,-0.303687289847,0,0
0,0,0,-0.314159265359,0,0
0,0,0,-0.324631240871,0,0
0,0,0,-0.335103216383,0,0
0,0,0,-0.345575191895,0,0
0,0,0,-0.356047167407,0,0
0,0,0,-0.366519142919,0,0
0,0,0,-0.376991118431,0,0
0,0,0,-0.387463093943,0,0
0,0,0,-0.397935069455,0,0
0,0,0,-0.408407044967,0,0
0,0,0,-0.418879020479,0,0
0,0,0,-0.429350995991,0,0
0,0,0,-0.439822971503,0,0
0,0,0,-0.450294947015,0,0
0,0,0,-0.460766922527,0,0
0,0,0,-0.471238898038,0,0
0,0,0,-0.48171087355,0,0
0,0,0,-0.492182849062,0,0
0,0,0,-0.502654824574,0,0
0,0,0,-0.513126800086,0,0
0,0,0,-0.523598775598,0,0
0,0,0,-0.513126800086,0,0
0,0,0,-0.502654824574,0,0
0,0,0,-0.492182849062,0,0
0,0,0,-0.48171087355,0,0
0,0,0,-0.471238898038,0,0
0,0,0,-0.460766922527,0,0
0,0,0,-0.450294947015,0,0
0,0,0,-0.439822971503,0,0
0,0,0,-0.429350995991,0,0
0,0,0,-0.418879020479,0,0
0,0,0,-0.408407044967,0,0
0,0,0,-0.397935069455,0,0
0,0,0,-0.387463093943,0,0
0,0,0,-0.376991118431,0,0
0,0,0,-0.366519142919,0,0
0,0,0,-0.356047167407,0,0
0,0,0,-0.345575191895,0,0
0,0,0,-0.335103216383,0,0
0,0,0,-0.324631240871,0,0
0,0,0,-0.314159265359,0,0
0,0,0,-0.303687289847,0,0
0,0,0,-0.293215314335,0,0
0,0,0,-0.282743338823,0,0
0,0,0,-0.272271363311,0,0
0,0,0,-0.261799387799,0,0
0,0,0,-0.251327412287,0,0
0,0,0,-0.240855436775,0,0
0,0,0,-0.230383461263,0,0
0,0,0,-0.219911485751,0,0
0,0,0,-0.209439510239,0,0
0,0,0,-0.198967534727,0,0
0,0,0,-0.188495559215,0,0
0,0,0,-0.178023583703,0,0
0,0,0,-0.167551608191,0,0
0,0,0,-0.157079632679,0,0
0,0,0,-0.146607657168,0,0
0,0,0,-0.136135681656,0,0
0,0,0,-0.125663706144,0,0
0,0,0,-0.115191730632,0,0
0,0,0,-0.10471975512,0,0
0,0,0,-0.0942477796077,0,0
0,0,0,-0.0837758040957,0,0
0,0,0,-0.0733038285838,0,0
0,0,0,-0.0628318530718,0,0
0,0,0,-0.0523598775598,0,0
0,0,0,-0.0418879020479,0,0
0,0,0,-0.0314159265359,0,0
0,0,0,-0.0209439510239,0,0
0,0,0,-0.010471975512,0,0
0,0,0,0.0,0,0
0,0,0,0.0,0.0,0
0,0,0,0.0,0.010471975512,0
0,0,0,0.0,0.0209439510239,0
0,0,0,0.0,0.0314159265359,0
0,0,0,0.0,0.0418879020479,0
0,0,0,0.0,0.0523598775598,0
0,0,0,0.0,0.0628318530718,0
0,0,0,0.0,0.0733038285838,0
0,0,0,0.0,0.0837758040957,0
0,0,0,0.0,0.0942477796077,0
0,0,0,0.0,0.10471975512,0
0,0,0,0.0,0.115191730632,0
0,0,0,0.0,0.125663706144,0
0,0,0,0.0,0.136135681656,0
0,0,0,0.0,0.146607657168,0
0,0,0,0.0,0.157079632679,0
0,0,0,0.0,0.167551608191,0
0,0,0,0.0,0.178023583703,0
0,0,0,0.0,0.188495559215,0
0,0,0,0.0,0.198967534727,0
0,0,0,0.0,0.209439510239,0
0,0,0,0.0,0.219911485751,0
0,0,0,0.0,0.230383461263,0
0,0,0,0.0,0.240855436775,0
0,0,0,0.0,0.251327412287,0
0,0,0,0.0,0.261799387799,0
0,0,0,0.0,0.272271363311,0
0,0,0,0.0,0.282743338823,0
0,0,0,0.0,0.293215314335,0
0,0,0,0.0,0.303687289847,0
0,0,0,0.0,0.314159265359,0
0,0,0,0.0,0.324631240871,0
0,0,0,0.0,0.335103216383,0
0,0,0,0.0,0.345575191895,0
0,0,0,0.0,0.356047167407,0
0,0,0,0.0,0.366519142919,0
0,0,0,0.0,0.376991118431,0
0,0,0,0.0,0.387463093943,0
0,0,0,0.0,0.397935069455,0
0,0,0,0.0,0.408407044967,0
0,0,0,0.0,0.418879020479,0
0,0,0,0.0,0.429350995991,0
0,0,0,0.0,0.439822971503,0
0,0,0,0.0,0.450294947015,0
0,0,0,0.0,0.460766922527,0
0,0,0,0.0,0.471238898038,0
0,0,0,0.0,0.48171087355,0
0,0,0,0.0,0.492182849062,0
0,0,0,0.0,0.502654824574,0
0,0,0,0.0,0.513126800086,0
0,0,0,0.0,0.523598775598,0
0,0,0,0.0,0.513126800086,0
0,0,0,0.0,0.502654824574,0
0,0,0,0.0,0.492182849062,0
0,0,0,0.0,0.48171087355,0
0,0,0,0.0,0.471238898038,0
0,0,0,0.0,0.460766922527,0
0,0,0,0.0,0.450294947015,0
0,0,0,0.0,0.439822971503,0
0,0,0,0.0,0.429350995991,0
0,0,0,0.0,0.418879020479,0
0,0,0,0.0,0.408407044967,0
0,0,0,0.0,0.397935069455,0
0,0,0,0.0,0.387463093943,0
0,0,0,0.0,0.376991118431,0
0,0,0,0.0,0.366519142919,0
0,0,0,0.0,0.356047167407,0
0,0,0,0.0,0.345575191895,0
0,0,0,0.0,0.335103216383,0
0,0,0,0.0,0.324631240871,0
0,0,0,0.0,0.314159265359,0
0,0,0,0.0,0.303687289847,0
0,0,0,0.0,0.293215314335,0
0,0,0,0.0,0.282743338823,0
0,0,0,0.0,0.272271363311,0
0,0,0,0.0,0.261799387799,0
0,0,0,0.0,0.251327412287,0
0,0,0,0.0,0.240855436775,0
0,0,0,0.0,0.230383461263,0
0,0,0,0.0,0.219911485751,0
0,0,0,0.0,0.209439510239,0
0,0,0,0.0,0.198967534727,0
0,0,0,0.0,0.188495559215,0
0,0,0,0.0,0.178023583703,0
0,0,0,0.0,0.167551608191,0
0,0,0,0.0,0.157079632679,0
0,0,0,0.0,0.146607657168,0
0,0,0,0.0,0.136135681656,0
0,0,0,0.0,0.125663706144,0
0,0,0,0.0,0.115191730632,0
0,0,0,0.0,0.10471975512,0
0,0,0,0.0,0.0942477796077,0
0,0,0,0.0,0.0837758040957,0
0,0,0,0.0,0.0733038285838,0
0,0,0,0.0,0.0628318530718,0
0,0,0,0.0,0.0523598775598,0
0,0,0,0.0,0.0418879020479,0
0,0,0,0.0,0.0314159265359,0
0,0,0,0.0,0.0209439510239,0
0,0,0,0.0,0.010471975512,0
0,0,0,0.0,0.0,0
0,0,0,0.0,-0.010471975512,0
0,0,0,0.0,-0.0209439510239,0
0,0,0,0.0,-0.0314159265359,0
0,0,0,0.0,-0.0418879020479,0
0,0,0,0.0,-0.0523598775598,0
0,0,0,0.0,-0.0628318530718,0
0,0,0,0.0,-0.0733038285838,0
0,0,0,0.0,-0.0837758040957,0
0,0,0,0.0,-0.0942477796077,0
0,0,0,0.0,-0.10471975512,0
0,0,0,0.0,-0.115191730632,0
0,0,0,0.0,-0.125663706144,0
0,0,0,0.0,-0.136135681656,0
0,0,0,0.0,-0.146607657168,0
0,0,0,0.0,-0.157079632679,0
0,0,0,0.0,-0.167551608191,0
0,0,0,0.0,-0.178023583703,0
0,0,0,0.0,-0.188495559215,0
0,0,0,0.0,-0.198967534727,0
0,0,0,0.0,-0.209439510239,0
0,0,0,0.0,-0.219911485751,0
0,0,0,0.0,-0.230383461263,0
0,0,0,0.0,-0.240855436775,0
0,0,0,0.0,-0.251327412287,0
0,0,0,0.0,-0.261799387799,0
0,0,0,0.0,-0.272271363311,0
0,0,0,0.0,-0.282743338823,0
0,0,0,0.0,-0.293215314335,0
0,0,0,0.0,-0.303687289847,0
0,0,0,0.0,-0.314159265359,0
0,0,0,0.0,-0.324631240871,0
0,0,0,0.0,-0.335103216383,0
0,0,0,0.0,-0.345575191895,0
0,0,0,0.0,-0.356047167407,0
0,0,0,0.0,-0.366519142919,0
0,0,0,0.0,-0.376991118431,0
0,0,0,0.0,-0.387463093943,0
0,0,0,0.0,-0.397935069455,0
0,0,0,0.0,-0.408407044967,0
0,0,0,0.0,-0.418879020479,0
0,0,0,0.0,-0.429350995991,0
0,0,0,0.0,-0.439822971503,0
0,0,0,0.0,-0.450294947015,0
0,0,0,0.0,-0.460766922527,0
0,0,0,0.0,-0.471238898038,0
0,0,0,0.0,-0.48171087355,0
0,0,0,0.0,-0.492182849062,0
0,0,0,0.0,-0.502654824574,0
0,0,0,0.0,-0.513126800086,0
0,0,0,0.0,-0.523598775598,0
0,0,0,0.0,-0.513126800086,0
0,0,0,0.0,-0.502654824574,0
0,0,0,0.0,-0.492182849062,0
0,0,0,0.0,-0.48171087355,0
0,0,0,0.0,-0.471238898038,0
0,0,0,0.0,-0.460766922527,0
0,0,0,0.0,-0.450294947015,0
0,0,0,0.0,-0.439822971503,0
0,0,0,0.0,-0.429350995991,0
0,0,0,0.0,-0.418879020479,0
0,0,0,0.0,-0.408407044967,0
0,0,0,0.0,-0.397935069455,0
0,0,0,0.0,-0.387463093943,0
0,0,0,0.0,-0.376991118431,0
0,0,0,0.0,-0.366519142919,0
0,0,0,0.0,-0.356047167407,0
0,0,0,0.0,-0.345575191895,0
0,0,0,0.0,-0.335103216383,0
0,0,0,0.0,-0.324631240871,0
0,0,0,0.0,-0.314159265359,0
0,0,0,0.0,-0.303687289847,0
0,0,0,0.0,-0.293215314335,0
0,0,0,0.0,-0.282743338823,0
0,0,0,0.0,-0.272271363311,0
0,0,0,0.0,-0.261799387799,0
0,0,0,0.0,-0.251327412287,0
0,0,0,0.0,-0.240855436775,0
0,0,0,0.0,-0.230383461263,0
0,0,0,0.0,-0.219911485751,0
0,0,0,0.0,-0.209439510239,0
0,0,0,0.0,-0.198967534727,0
0,0,0,0.0,-0.188495559215,0
0,0,0,0.0,-0.178023583703,0
0,0,0,0.0,-0.167551608191,0
0,0,0,0.0,-0.157079632679,0
0,0,0,0.0,-0.146607657168,0
0,0,0,0.0,-0.136135681656,0
0,0,0,0.0,-0.125663706144,0
0,0,0,0.0,-0.115191730632,0
0,0,0,0.0,-0.10471975512,0
0,0,0,0.0,-0.0942477796077,0
0,0,0,0.0,-0.0837758040957,0
0,0,0,0.0,-0.0733038285838,0
0,0,0,0.0,-0.0628318530718,0
0,0,0,0.0,-0.0523598775598,0
0,0,0,0.0,-0.0418879020479,0
0,0,0,0.0,-0.0314159265359,0
0,0,0,0.0,-0.0209439510239,0
0,0,0,0.0,-0.010471975512,0
0,0,0,0.0,0.0,0
0,0,0,0.0,0.0,0.0
0,0,0,0.0,0.0,0.010471975512
0,0,0,0.0,0.0,0.0209439510239
0,0,0,0.0,0.0,0.0314159265359
0,0,0,0.0,0.0,0.0418879020479
0,0,0,0.0,0.0,0.0523598775598
0,0,0,0.0,0.0,0.0628318530718
0,0,0,0.0,0.0,0.0733038285838
0,0,0,0.0,0.0,0.0837758040957
0,0,0,0.0,0.0,0.0942477796077
0,0,0,0.0,0.0,0.10471975512
0,0,0,0.0,0.0,0.115191730632
0,0,0,0.0,0.0,0.125663706144
0,0,0,0.0,0.0,0.136135681656
0,0,0,0.0,0.0,0.146607657168
0,0,0,0.0,0.0,0.157079632679
0,0,0,0.0,0.0,0.167551608191
0,0,0,0.0,0.0,0.178023583703
0,0,0,0.0,0.0,0.188495559215
0,0,0,0.0,0.0,0.198967534727
0,0,0,0.0,0.0,0.209439510239
0,0,0,0.0,0.0,0.219911485751
0,0,0,0.0,0.0,0.230383461263
0,0,0,0.0,0.0,0.240855436775
0,0,0,0.0,0.0,0.251327412287
0,0,0,0.0,0.0,0.261799387799
0,0,0,0.0,0.0,0.272271363311
0,0,0,0.0,0.0,0.282743338823
0,0,0,0.0,0.0,0.293215314335
0,0,0,0.0,0.0,0.303687289847
0,0,0,0.0,0.0,0.314159265359
0,0,0,0.0,0.0,0.324631240871
0,0,0,0.0,0.0,0.335103216383
0,0,0,0.0,0.0,0.345575191895
0,0,0,0.0,0.0,0.356047167407
0,0,0,0.0,0.0,0.366519142919
0,0,0,0.0,0.0,0.376991118431
0,0,0,0.0,0.0,0.387463093943
0,0,0,0.0,0.0,0.397935069455
0,0,0,0.0,0.0,0.408407044967
0,0,0,0.0,0.0,0.418879020479
0,0,0,0.0,0.0,0.429350995991
0,0,0,0.0,0.0,0.439822971503
0,0,0,0.0,0.0,0.450294947015
0,0,0,0.0,0.0,0.460766922527
0,0,0,0.0,0.0,0.471238898038
0,0,0,0.0,0.0,0.48171087355
0,0,0,0.0,0.0,0.492182849062
0,0,0,0.0,0.0,0.502654824574
0,0,0,0.0,0.0,0.513126800086
0,0,0,0.0,0.0,0.523598775598
0,0,0,0.0,0.0,0.513126800086
0,0,0,0.0,0.0,0.502654824574
0,0,0,0.0,0.0,0.492182849062
0,0,0,0.0,0.0,0.48171087355
0,0,0,0.0,0.0,0.471238898038
0,0,0,0.0,0.0,0.460766922527
0,0,0,0.0,0.0,0.450294947015
0,0,0,0.0,0.0,0.439822971503
0,0,0,0.0,0.0,0.429350995991
0,0,0,0.0,0.0,0.418879020479
0,0,0,0.0,0.0,0.408407044967
0,0,0,0.0,0.0,0.397935069455
0,0,0,0.0,0.0,0.387463093943
0,0,0,0.0,0.0,0.376991118431
0,0,0,0.0,0.0,0.366519142919
0,0,0,0.0,0.0,0.356047167407
0,0,0,0.0,0.0,0.345575191895
0,0,0,0.0,0.0,0.335103216383
0,0,0,0.0,0.0,0.324631240871
0,0,0,0.0,0.0,0.314159265359
0,0,0,0.0,0.0,0.303687289847
0,0,0,0.0,0.0,0.293215314335
0,0,0,0.0,0.0,0.282743338823
0,0,0,0.0,0.0,0.272271363311
0,0,0,0.0,0.0,0.261799387799
0,0,0,0.0,0.0,0.251327412287
0,0,0,0.0,0.0,0.240855436775
0,0,0,0.0,0.0,0.230383461263
0,0,0,0.0,0.0,0.219911485751
0,0,0,0.0,0.0,0.209439510239
0,0,0,0.0,0.0,0.198967534727
0,0,0,0.0,0.0,0.188495559215
0,0,0,0.0,0.0,0.178023583703
0,0,0,0.0,0.0,0.167551608191
0,0,0,0.0,0.0,0.157079632679
0,0,0,0.0,0.0,0.146607657168
0,0,0,0.0,0.0,0.136135681656
0,0,0,0.0,0.0,0.125663706144
0,0,0,0.0,0.0,0.115191730632
0,0,0,0.0,0.0,0.10471975512
0,0,0,0.0,0.0,0.0942477796077
0,0,0,0.0,0.0,0.0837758040957
0,0,0,0.0,0.0,0.0733038285838
0,0,0,0.0,0.0,0.0628318530718
0,0,0,0.0,0.0,0.0523598775598
0,0,0,0.0,0.0,0.0418879020479
0,0,0,0.0,0.0,0.0314159265359
0,0,0,0.0,0.0,0.0209439510239
0,0,0,0.0,0.0,0.010471975512
0,0,0,0.0,0.0,0.0
0,0,0,0.0,0.0,-0.010471975512
0,0,0,0.0,0.0,-0.0209439510239
0,0,0,0.0,0.0,-0.0314159265359
0,0,0,0.0,0.0,-0.0418879020479
0,0,0,0.0,0.0,-0.0523598775598
0,0,0,0.0,0.0,-0.0628318530718
0,0,0,0.0,0.0,-0.0733038285838
0,0,0,0.0,0.0,-0.0837758040957
0,0,0,0.0,0.0,-0.0942477796077
0,0,0,0.0,0.0,-0.10471975512
0,0,0,0.0,0.0,-0.115191730632
0,0,0,0.0,0.0,-0.125663706144
0,0,0,0.0,0.0,-0.136135681656
0,0,0,0.0,0.0,-0.146607657168
0,0,0,0.0,0.0,-0.157079632679
0,0,0,0.0,0.0,-0.167551608191
0,0,0,0.0,0.0,-0.178023583703
0,0,0,0.0,0.0,-0.188495559215
0,0,0,0.0,0.0,-0.198967534727
0,0,0,0.0,0.0,-0.209439510239
0,0,0,0.0,0.0,-0.219911485751
0,0,0,0.0,0.0,-0.230383461263
0,0,0,0.0,0.0,-0.240855436775
0,0,0,0.0,0.0,-0.251327412287
0,0,0,0.0,0.0,-0.261799387799
0,0,0,0.0,0.0,-0.272271363311
0,0,0,0.0,0.0,-0.282743338823
0,0,0,0.0,0.0,-0.293215314335
0,0,0,0.0,0.0,-0.303687289847
0,0,0,0.0,0.0,-0.314159265359
0,0,0,0.0,0.0,-0.324631240871
0,0,0,0.0,0.0,-0.335103216383
0,0,0,0.0,0.0,-0.345575191895
0,0,0,0.0,0.0,-0.356047167407
0,0,0,0.0,0.0,-0.366519142919
0,0,0,0.0,0.0,-0.376991118431
0,0,0,0.0,0.0,-0.387463093943
0,0,0,0.0,0.0,-0.397935069455
0,0,0,0.0,0.0,-0.408407044967
0,0,0,0.0,0.0,-0.418879020479
0,0,0,0.0,0.0,-0.429350995991
0,0,0,0.0,0.0,-0.439822971503
0,0,0,0.0,0.0,-0.450294947015
0,0,0,0.0,0.0,-0.460766922527
0,0,0,0.0,0.0,-0.471238898038
0,0,0,0.0,0.0,-0.48171087355
0,0,0,0.0,0.0,-0.492182849062
0,0,0,0.0,0.0,-0.502654824574
0,0,0,0.0,0.0,-0.513126800086
0,0,0,0.0,0.0,-0.523598775598
0,0,0,0.0,0.0,-0.513126800086
0,0,0,0.0,0.0,-0.502654824574
0,0,0,0.0,0.0,-0.492182849062
0,0,0,0.0,0.0,-0.48171087355
0,0,0,0.0,0.0,-0.471238898038
0,0,0,0.0,0.0,-0.460766922527
0,0,0,0.0,0.0,-0.450294947015
0,0,0,0.0,0.0,-0.439822971503
0,0,0,0.0,0.0,-0.429350995991
0,0,0,0.0,0.0,-0.418879020479
0,0,0,0.0,0.0,-0.408407044967
0,0,0,0.0,0.0,-0.397935069455
0,0,0,0.0,0.0,-0.387463093943
0,0,0,0.0,0.0,-0.376991118431
0,0,0,0.0,0.0,-0.366519142919
0,0,0,0.0,0.0,-0.356047167407
0,0,0,0.0,0.0,-0.345575191895
0,0,0,0.0,0.0,-0.335103216383
0,0,0,0.0,0.0,-0.324631240871
0,0,0,0.0,0.0,-0.314159265359
0,0,0,0.0,0.0,-0.303687289847
0,0,0,0.0,0.0,-0.293215314335
0,0,0,0.0,0.0,-0.282743338823
0,0,0,0.0,0.0,-0.272271363311
0,0,0,0.0,0.0,-0.261799387799
0,0,0,0.0,0.0,-0.251327412287
0,0,0,0.0,0.0,-0.240855436775
0,0,0,0.0,0.0,-0.230383461263
0,0,0,0.0,0.0,-0.219911485751
0,0,0,0.0,0.0,-0.209439510239
0,0,0,0.0,0.0,-0.198967534727
0,0,0,0.0,0.0,-0.188495559215
0,0,0,0.0,0.0,-0.178023583703
0,0,0,0.0,0.0,-0.167551608191
0,0,0,0.0,0.0,-0.157079632679
0,0,0,0.0,0.0,-0.146607657168
0,0,0,0.0,0.0,-0.136135681656
0,0,0,0.0,0.0,-0.125663706144
0,0,0,0.0,0.0,-0.115191730632
0,0,0,0.0,0.0,-0.10471975512
0,0,0,0.0,0.0,-0.0942477796077
0,0,0,0.0,0.0,-0.0837758040957
0,0,0,0.0,0.0,-0.0733038285838
0,0,0,0.0,0.0,-0.0628318530718
0,0,0,0.0,0.0,-0.0523598775598
0,0,0,0.0,0.0,-0.0418879020479
0,0,0,0.0,0.0,-0.0314159265359
0,0,0,0.0,0.0,-0.0209439510239
0,0,0,0.0,0.0,-0.010471975512
0,0,0,0.0,0.0,0.0
0.0,0,0,0.0,0.0,0.0
0.008,0,0,0.0,0.0,0.0
0.016,0,0,0.0,0.0,0.0
0.024,0,0,0.0,0.0,0.0
0.032,0,0,0.0,0.0,0.0
0.04,0,0,0.0,0.0,0.0
0.048,0,0,0.0,0.0,0.0
0.056,0,0,0.0,0.0,0.0
0.064,0,0,0.0,0.0,0.0
0.072,0,0,0.0,0.0,0.0
0.08,0,0,0.0,0.0,0.0
0.088,0,0,0.0,0.0,0.0
0.096,0,0,0.0,0.0,0.0
0.104,0,0,0.0,0.0,0.0
0.112,0,0,0.0,0.0,0.0
0.12,0,0,0.0,0.0,0.0
0.128,0,0,0.0,0.0,0.0
0.136,0,0,0.0,0.0,0.0
0.144,0,0,0.0,0.0,0.0
0.152,0,0,0.0,0.0,0.0
0.16,0,0,0.0,0.0,0.0
0.168,0,0,0.0,0.0,0.0
0.176,0,0,0.0,0.0,0.0
0.184,0,0,0.0,0.0,0.0
0.192,0,0,0.0,0.0,0.0
0.2,0,0,0.0,0.0,0.0
0.208,0,0,0.0,0.0,0.0
0.216,0,0,0.0,0.0,0.0
0.224,0,0,0.0,0.0,0.0
0.232,0,0,0.0,0.0,0.0
0.24,0,0,0.0,0.0,0.0
0.248,0,0,0.0,0.0,0.0
0.256,0,0,0.0,0.0,0.0
0.264,0,0,0.0,0.0,0.0
0.272,0,0,0.0,0.0,0.0
0.28,0,0,0.0,0.0,0.0
0.288,0,0,0.0,0.0,0.0
0.296,0,0,0.0,0.0,0.0
0.304,0,0,0.0,0.0,0.0
0.312,0,0,0.0,0.0,0.0
0.32,0,0,0.0,0.0,0.0
0.328,0,0,0.0,0.0,0.0
0.336,0,0,0.0,0.0,0.0
0.344,0,0,0.0,0.0,0.0
0.352,0,0,0.0,0.0,0.0
0.36,0,0,0.0,0.0,0.0
0.368,0,0,0.0,0.0,0.0
0.376,0,0,0.0,0.0,0.0
0.384,0,0,0.0,0.0,0.0
0.392,0,0,0.0,0.0,0.0
0.4,0,0,0.0,0.0,0.0
0.392,0,0,0.0,0.0,0.0
0.384,0,0,0.0,0.0,0.0
0.376,0,0,0.0,0.0,0.0
0.368,0,0,0.0,0.0,0.0
0.36,0,0,0.0,0.0,0.0
0.352,0,0,0.0,0.0,0.0
0.344,0,0,0.0,0.0,0.0
0.336,0,0,0.0,0.0,0.0
0.328,0,0,0.0,0.0,0.0
0.32,0,0,0.0,0.0,0.0
0.312,0,0,0.0,0.0,0.0
0.304,0,0,0.0,0.0,0.0
0.296,0,0,0.0,0.0,0.0
0.288,0,0,0.0,0.0,0.0
0.28,0,0,0.0,0.0,0.0
0.272,0,0,0.0,0.0,0.0
0.264,0,0,0.0,0.0,0.0
0.256,0,0,0.0,0.0,0.0
0.248,0,0,0.0,0.0,0.0
0.24,0,0,0.0,0.0,0.0
0.232,0,0,0.0,0.0,0.0
0.224,0,0,0.0,0.0,0.0
0.216,0,0,0.0,0.0,0.0
0.208,0,0,0.0,0.0,0.0
0.2,0,0,0.0,0.0,0.0
0.192,0,0,0.0,0.0,0.0
0.184,0,0,0.0,0.0,0.0
0.176,0,0,0.0,0.0,0.0
0.168,0,0,0.0,0.0,0.0
0.16,0,0,0.0,0.0,0.0
0.152,0,0,0.0,0.0,0.0
0.144,0,0,0.0,0.0,0.0
0.136,0,0,0.0,0.0,0.0
0.128,0,0,0.0,0.0,0.0
0.12,0,0,0.0,0.0,0.0
0.112,0,0,0.0,0.0,0.0
0.104,0,0,0.0,0.0,0.0
0.096,0,0,0.0,0.0,0.0
0.088,0,0,0.0,0.0,0.0
0.08,0,0,0.0,0.0,0.0
0.072,0,0,0.0,0.0,0.0
0.064,0,0,0.0,0.0,0.0
0.056,0,0,0.0,0.0,0.0
0.048,0,0,0.0,0.0,0.0
0.04,0,0,0.0,0.0,0.0
0.032,0,0,0.0,0.0,0.0
0.024,0,0,0.0,0.0,0.0
0.016,0,0,0.0,0.0,0.0
0.008,0,0,0.0,0.0,0.0
0.0,0,0,0.0,0.0,0.0
-0.008,0,0,0.0,0.0,0.0
-0.016,0,0,0.0,0.0,0.0
-0.024,0,0,0.0,0.0,0.0
-0.032,0,0,0.0,0.0,0.0
-0.04,0,0,0.0,0.0,0.0
-0.048,0,0,0.0,0.0,0.0
-0.056,0,0,0.0,0.0,0.0
-0.064,0,0,0.0,0.0,0.0
-0.072,0,0,0.0,0.0,0.0
-0.08,0,0,0.0,0.0,0.0
-0.088,0,0,0.0,0.0,0.0
-0.096,0,0,0.0,0.0,0.0
-0.104,0,0,0.0,0.0,0.0
-0.112,0,0,0.0,0.0,0.0
-0.12,0,0,0.0,0.0,0.0
-0.128,0,0,0.0,0.0,0.0
-0.136,0,0,0.0,0.0,0.0
-0.144,0,0,0.0,0.0,0.0
-0.152,0,0,0.0,0.0,0.0
-0.16,0,0,0.0,0.0,0.0
-0.168,0,0,0.0,0.0,0.0
-0.176,0,0,0.0,0.0,0.0
-0.184,0,0,0.0,0.0,0.0
-0.192,0,0,0.0,0.0,0.0
-0.2,0,0,0.0,0.0,0.0
-0.208,0,0,0.0,0.0,0.0
-0.216,0,0,0.0,0.0,0.0
-0.224,0,0,0.0,0.0,0.0
-0.232,0,0,0.0,0.0,0.0
-0.24,0,0,0.0,0.0,0.0
-0.248,0,0,0.0,0.0,0.0
-0.256,0,0,0.0,0.0,0.0
-0.264,0,0,0.0,0.0,0.0
-0.272,0,0,0.0,0.0,0.0
-0.28,0,0,0.0,0.0,0.0
-0.288,0,0,0.0,0.0,0.0
-0.296,0,0,0.0,0.0,0.0
-0.304,0,0,0.0,0.0,0.0
-0.312,0,0,0.0,0.0,0.0
-0.32,0,0,0.0,0.0,0.0
-0.328,0,0,0.0,0.0,0.0
-0.336,0,0,0.0,0.0,0.0
-0.344,0,0,0.0,0.0,0.0
-0.352,0,0,0.0,0.0,0.0
-0.36,0,0,0.0,0.0,0.0
-0.368,0,0,0.0,0.0,0.0
-0.376,0,0,0.0,0.0,0.0
-0.384,0,0,0.0,0.0,0.0
-0.392,0,0,0.0,0.0,0.0
-0.4,0,0,0.0,0.0,0.0
-0.392,0,0,0.0,0.0,0.0
-0.384,0,0,0.0,0.0,0.0
-0.376,0,0,0.0,0.0,0.0
-0.368,0,0,0.0,0.0,0.0
-0.36,0,0,0.0,0.0,0.0
-0.352,0,0,0.0,0.0,0.0
-0.344,0,0,0.0,0.0,0.0
-0.336,0,0,0.0,0.0,0.0
-0.328,0,0,0.0,0.0,0.0
-0.32,0,0,0.0,0.0,0.0
-0.312,0,0,0.0,0.0,0.0
-0.304,0,0,0.0,0.0,0.0
-0.296,0,0,0.0,0.0,0.0
-0.288,0,0,0.0,0.0,0.0
-0.28,0,0,0.0,0.0,0.0
-0.272,0,0,0.0,0.0,0.0
-0.264,0,0,0.0,0.0,0.0
-0.256,0,0,0.0,0.0,0.0
-0.248,0,0,0.0,0.0,0.0
-0.24,0,0,0.0,0.0,0.0
-0.232,0,0,0.0,0.0,0.0
-0.224,0,0,0.0,0.0,0.0
-0.216,0,0,0.0,0.0,0.0
-0.208,0,0,0.0,0.0,0.0
-0.2,0,0,0.0,0.0,0.0
-0.192,0,0,0.0,0.0,0.0
-0.184,0,0,0.0,0.0,0.0
-0.176,0,0,0.0,0.0,0.0
-0.168,0,0,0.0,0.0,0.0
-0.16,0,0,0.0,0.0,0.0
-0.152,0,0,0.0,0.0,0.0
-0.144,0,0,0.0,0.0,0.0
-0.136,0,0,0.0,0.0,0.0
-0.128,0,0,0.0,0.0,0.0
-0.12,0,0,0.0,0.0,0.0
-0.112,0,0,0.0,0.0,0.0
-0.104,0,0,0.0,0.0,0.0
-0.096,0,0,0.0,0.0,0.0
-0.088,0,0,0.0,0.0,0.0
-0.08,0,0,0.0,0.0,0.0
-0.072,0,0,0.0,0.0,0.0
-0.064,0,0,0.0,0.0,0.0
-0.056,0,0,0.0,0.0,0.0
-0.048,0,0,0.0,0.0,0.0
-0.04,0,0,0.0,0.0,0.0
-0.032,0,0,0.0,0.0,0.0
-0.024,0,0,0.0,0.0,0.0
-0.016,0,0,0.0,0.0,0.0
-0.008,0,0,0.0,0.0,0.0
0.0,0,0,0.0,0.0,0.0
0.0,0.0,0,0.0,0.0,0.0
0.0,0.008,0,0.0,0.0,0.0
0.0,0.016,0,0.0,0.0,0.0
0.0,0.024,0,0.0,0.0,0.0
0.0,0.032,0,0.0,0.0,0.0
0.0,0.04,0,0.0,0.0,0.0
0.0,0.048,0,0.0,0.0,0.0
0.0,0.056,0,0.0,0.0,0.0
0.0,0.064,0,0.0,0.0,0.0
0.0,0.072,0,0.0,0.0,0.0
0.0,0.08,0,0.0,0.0,0.0
0.0,0.088,0,0.0,0.0,0.0
0.0,0.096,0,0.0,0.0,0.0
0.0,0.104,0,0.0,0.0,0.0
0.0,0.112,0,0.0,0.0,0.0
0.0,0.12,0,0.0,0.0,0.0
0.0,0.128,0,0.0,0.0,0.0
0.0,0.136,0,0.0,0.0,0.0
0.0,0.144,0,0.0,0.0,0.0
0.0,0.152,0,0.0,0.0,0.0
0.0,0.16,0,0.0,0.0,0.0
0.0,0.168,0,0.0,0.0,0.0
0.0,0.176,0,0.0,0.0,0.0
0.0,0.184,0,0.0,0.0,0.0
0.0,0.192,0,0.0,0.0,0.0
0.0,0.2,0,0.0,0.0,0.0
0.0,0.208,0,0.0,0.0,0.0
0.0,0.216,0,0.0,0.0,0.0
0.0,0.224,0,0.0,0.0,0.0
0.0,0.232,0,0.0,0.0,0.0
0.0,0.24,0,0.0,0.0,0.0
0.0,0.248,0,0.0,0.0,0.0
0.0,0.256,0,0.0,0.0,0.0
0.0,0.264,0,0.0,0.0,0.0
0.0,0.272,0,0.0,0.0,0.0
0.0,0.28,0,0.0,0.0,0.0
0.0,0.288,0,0.0,0.0,0.0
0.0,0.296,0,0.0,0.0,0.0
0.0,0.304,0,0.0,0.0,0.0
0.0,0.312,0,0.0,0.0,0.0
0.0,0.32,0,0.0,0.0,0.0
0.0,0.328,0,0.0,0.0,0.0
0.0,0.336,0,0.0,0.0,0.0
0.0,0.344,0,0.0,0.0,0.0
0.0,0.352,0,0.0,0.0,0.0
0.0,0.36,0,0.0,0.0,0.0
0.0,0.368,0,0.0,0.0,0.0
0.0,0.376,0,0.0,0.0,0.0
0.0,0.384,0,0.0,0.0,0.0
0.0,0.392,0,0.0,0.0,0.0
0.0,0.4,0,0.0,0.0,0.0
0.0,0.392,0,0.0,0.0,0.0
0.0,0.384,0,0.0,0.0,0.0
0.0,0.376,0,0.0,0.0,0.0
0.0,0.368,0,0.0,0.0,0.0
0.0,0.36,0,0.0,0.0,0.0
0.0,0.352,0,0.0,0.0,0.0
0.0,0.344,0,0.0,0.0,0.0
0.0,0.336,0,0.0,0.0,0.0
0.0,0.328,0,0.0,0.0,0.0
0.0,0.32,0,0.0,0.0,0.0
0.0,0.312,0,0.0,0.0,0.0
0.0,0.304,0,0.0,0.0,0.0
0.0,0.296,0,0.0,0.0,0.0
0.0,0.288,0,0.0,0.0,0.0
0.0,0.28,0,0.0,0.0,0.0
0.0,0.272,0,0.0,0.0,0.0
0.0,0.264,0,0.0,0.0,0.0
0.0,0.256,0,0.0,0.0,0.0
0.0,0.248,0,0.0,0.0,0.0
0.0,0.24,0,0.0,0.0,0.0
0.0,0.232,0,0.0,0.0,0.0
0.0,0.224,0,0.0,0.0,0.0
0.0,0.216,0,0.0,0.0,0.0
0.0,0.208,0,0.0,0.0,0.0
0.0,0.2,0,0.0,0.0,0.0
0.0,0.192,0,0.0,0.0,0.0
0.0,0.184,0,0.0,0.0,0.0
0.0,0.176,0,0.0,0.0,0.0
0.0,0.168,0,0.0,0.0,0.0
0.0,0.16,0,0.0,0.0,0.0
0.0,0.152,0,0.0,0.0,0.0
0.0,0.144,0,0.0,0.0,0.0
0.0,0.136,0,0.0,0.0,0.0
0.0,0.128,0,0.0,0.0,0.0
0.0,0.12,0,0.0,0.0,0.0
0.0,0.112,0,0.0,0.0,0.0
0.0,0.104,0,0.0,0.0,0.0
0.0,0.096,0,0.0,0.0,0.0
0.0,0.088,0,0.0,0.0,0.0
0.0,0.08,0,0.0,0.0,0.0
0.0,0.072,0,0.0,0.0,0.0
0.0,0.064,0,0.0,0.0,0.0
0.0,0.056,0,0.0,0.0,0.0
0.0,0.048,0,0.0,0.0,0.0
0.0,0.04,0,0.0,0.0,0.0
0.0,0.032,0,0.0,0.0,0.0
0.0,0.024,0,0.0,0.0,0.0
0.0,0.016,0,0.0,0.0,0.0
0.0,0.008,0,0.0,0.0,0.0
0.0,0.0,0,0.0,0.0,0.0
0.0,-0.008,0,0.0,0.0,0.0
0.0,-0.016,0,0.0,0.0,0.0
0.0,-0.024,0,0.0,0.0,0.0
0.0,-0.032,0,0.0,0.0,0.0
0.0,-0.04,0,0.0,0.0,0.0
0.0,-0.048,0,0.0,0.0,0.0
0.0,-0.056,0,0.0,0.0,0.0
0.0,-0.064,0,0.0,0.0,0.0
0.0,-0.072,0,0.0,0.0,0.0
0.0,-0.08,0,0.0,0.0,0.0
0.0,-0.088,0,0.0,0.0,0.0
0.0,-0.096,0,0.0,0.0,0.0
0.0,-0.104,0,0.0,0.0,0.0
0.0,-0.112,0,0.0,0.0,0.0
0.0,-0.12,0,0.0,0.0,0.0
0.0,-0.128,0,0.0,0.0,0.0
0.0,-0.136,0,0.0,0.0,0.0
0.0,-0.144,0,0.0,0.0,0.0
0.0,-0.152,0,0.0,0.0,0.0
0.0,-0.16,0,0.0,0.0,0.0
0.0,-0.168,0,0.0,0.0,0.0
0.0,-0.176,0,0.0,0.0,0.0
0.0,-0.184,0,0.0,0.0,0.0
0.0,-0.192,0,0.0,0.0,0.0
0.0,-0.2,0,0.0,0.0,0.0
0.0,-0.208,0,0.0,0.0,0.0
0.0,-0.216,0,0.0,0.0,0.0
0.0,-0.224,0,0.0,0.0,0.0
0.0,-0.232,0,0.0,0.0,0.0
0.0,-0.24,0,0.0,0.0,0.0
0.0,-0.248,0,0.0,0.0,0.0
0.0,-0.256,0,0.0,0.0,0.0
0.0,-0.264,0,0.0,0.0,0.0
0.0,-0.272,0,0.0,0.0,0.0
0.0,-0.28,0,0.0,0.0,0.0
0.0,-0.288,0,0.0,0.0,0.0
0.0,-0.296,0,0.0,0.0,0.0
0.0,-0.304,0,0.0,0.0,0.0
0.0,-0.312,0,0.0,0.0,0.0
0.0,-0.32,0,0.0,0.0,0.0
0.0,-0.328,0,0.0,0.0,0.0
0.0,-0.336,0,0.0,0.0,0.0
0.0,-0.344,0,0.0,0.0,0.0
0.0,-0.352,0,0.0,0.0,0.0
0.0,-0.36,0,0.0,0.0,0.0
0.0,-0.368,0,0.0,0.0,0.0
0.0,-0.376,0,0.0,0.0,0.0
0.0,-0.384,0,0.0,0.0,0.0
0.0,-0.392,0,0.0,0.0,0.0
0.0,-0.4,0,0.0,0.0,0.0
0.0,-0.392,0,0.0,0.0,0.0
0.0,-0.384,0,0.0,0.0,0.0
0.0,-0.376,0,0.0,0.0,0.0
0.0,-0.368,0,0.0,0.0,0.0
0.0,-0.36,0,0.0,0.0,0.0
0.0,-0.352,0,0.0,0.0,0.0
0.0,-0.344,0,0.0,0.0,0.0
0.0,-0.336,0,0.0,0.0,0.0
0.0,-0.328,0,0.0,0.0,0.0
0.0,-0.32,0,0.0,0.0,0.0
0.0,-0.312,0,0.0,0.0,0.0
0.0,-0.304,0,0.0,0.0,0.0
0.0,-0.296,0,0.0,0.0,0.0
0.0,-0.288,0,0.0,0.0,0.0
0.0,-0.28,0,0.0,0.0,0.0
0.0,-0.272,0,0.0,0.0,0.0
0.0,-0.264,0,0.0,0.0,0.0
0.0,-0.256,0,0.0,0.0,0.0
0.0,-0.248,0,0.0,0.0,0.0
0.0,-0.24,0,0.0,0.0,0.0
0.0,-0.232,0,0.0,0.0,0.0
0.0,-0.224,0,0.0,0.0,0.0
0.0,-0.216,0,0.0,0.0,0.0
0.0,-0.208,0,0.0,0.0,0.0
0.0,-0.2,0,0.0,0.0,0.0
0.0,-0.192,0,0.0,0.0,0.0
0.0,-0.184,0,0.0,0.0,0.0
0.0,-0.176,0,0.0,0.0,0.0
0.0,-0.168,0,0.0,0.0,0.0
0.0,-0.16,0,0.0,0.0,0.0
0.0,-0.152,0,0.0,0.0,0.0
0.0,-0.144,0,0.0,0.0,0.0
0.0,-0.136,0,0.0,0.0,0.0
0.0,-0.128,0,0.0,0.0,0.0
0.0,-0.12,0,0.0,0.0,0.0
0.0,-0.112,0,0.0,0.0,0.0
0.0,-0.104,0,0.0,0.0,0.0
0.0,-0.096,0,0.0,0.0,0.0
0.0,-0.088,0,0.0,0.0,0.0
0.0,-0.08,0,0.0,0.0,0.0
0.0,-0.072,0,0.0,0.0,0.0
0.0,-0.064,0,0.0,0.0,0.0
0.0,-0.056,0,0.0,0.0,0.0
0.0,-0.048,0,0.0,0.0,0.0
0.0,-0.04,0,0.0,0.0,0.0
0.0,-0.032,0,0.0,0.0,0.0
0.0,-0.024,0,0.0,0.0,0.0
0.0,-0.016,0,0.0,0.0,0.0
0.0,-0.008,0,0.0,0.0,0.0
0.0,0.0,0,0.0,0.0,0.0
0.0,0.0,0.0,0.0,0.0,0.0
0.0,0.0,0.008,0.0,0.0,0.0
0.0,0.0,0.016,0.0,0.0,0.0
0.0,0.0,0.024,0.0,0.0,0.0
0.0,0.0,0.032,0.0,0.0,0.0
0.0,0.0,0.04,0.0,0.0,0.0
0.0,0.0,0.048,0.0,0.0,0.0
0.0,0.0,0.056,0.0,0.0,0.0
0.0,0.0,0.064,0.0,0.0,0.0
0.0,0.0,0.072,0.0,0.0,0.0
0.0,0.0,0.08,0.0,0.0,0.0
0.0,0.0,0.088,0.0,0.0,0.0
0.0,0.0,0.096,0.0,0.0,0.0
0.0,0.0,0.104,0.0,0.0,0.0
0.0,0.0,0.112,0.0,0.0,0.0
0.0,0.0,0.12,0.0,0.0,0.0
0.0,0.0,0.128,0.0,0.0,0.0
0.0,0.0,0.136,0.0,0.0,0.0
0.0,0.0,0.144,0.0,0.0,0.0
0.0,0.0,0.152,0.0,0.0,0.0
0.0,0.0,0.16,0.0,0.0,0.0
0.0,0.0,0.168,0.0,0.0,0.0
0.0,0.0,0.176,0.0,0.0,0.0
0.0,0.0,0.184,0.0,0.0,0.0
0.0,0.0,0.192,0.0,0.0,0.0
0.0,0.0,0.2,0.0,0.0,0.0
0.0,0.0,0.208,0.0,0.0,0.0
0.0,0.0,0.216,0.0,0.0,0.0
0.0,0.0,0.224,0.0,0.0,0.0
0.0,0.0,0.232,0.0,0.0,0.0
0.0,0.0,0.24,0.0,0.0,0.0
0.0,0.0,0.248,0.0,0.0,0.0
0.0,0.0,0.256,0.0,0.0,0.0
0.0,0.0,0.264,0.0,0.0,0.0
0.0,0.0,0.272,0.0,0.0,0.0
0.0,0.0,0.28,0.0,0.0,0.0
0.0,0.0,0.288,0.0,0.0,0.0
0.0,0.0,0.296,0.0,0.0,0.0
0.0,0.0,0.304,0.0,0.0,0.0
0.0,0.0,0.312,0.0,0.0,0.0
0.0,0.0,0.32,0.0,0.0,0.0
0.0,0.0,0.328,0.0,0.0,0.0
0.0,0.0,0.336,0.0,0.0,0.0
0.0,0.0,0.344,0.0,0.0,0.0
0.0,0.0,0.352,0.0,0.0,0.0
0.0,0.0,0.36,0.0,0.0,0.0
0.0,0.0,0.368,0.0,0.0,0.0
0.0,0.0,0.376,0.0,0.0,0.0
0.0,0.0,0.384,0.0,0.0,0.0
0.0,0.0,0.392,0.0,0.0,0.0
0.0,0.0,0.4,0.0,0.0,0.0
0.0,0.0,0.392,0.0,0.0,0.0
0.0,0.0,0.384,0.0,0.0,0.0
0.0,0.0,0.376,0.0,0.0,0.0
0.0,0.0,0.368,0.0,0.0,0.0
0.0,0.0,0.36,0.0,0.0,0.0
0.0,0.0,0.352,0.0,0.0,0.0
0.0,0.0,0.344,0.0,0.0,0.0
0.0,0.0,0.336,0.0,0.0,0.0
0.0,0.0,0.328,0.0,0.0,0.0
0.0,0.0,0.32,0.0,0.0,0.0
0.0,0.0,0.312,0.0,0.0,0.0
0.0,0.0,0.304,0.0,0.0,0.0
0.0,0.0,0.296,0.0,0.0,0.0
0.0,0.0,0.288,0.0,0.0,0.0
0.0,0.0,0.28,0.0,0.0,0.0
0.0,0.0,0.272,0.0,0.0,0.0
0.0,0.0,0.264,0.0,0.0,0.0
0.0,0.0,0.256,0.0,0.0,0.0
0.0,0.0,0.248,0.0,0.0,0.0
0.0,0.0,0.24,0.0,0.0,0.0
0.0,0.0,0.232,0.0,0.0,0.0
0.0,0.0,0.224,0.0,0.0,0.0
0.0,0.0,0.216,0.0,0.0,0.0
0.0,0.0,0.208,0.0,0.0,0.0
0.0,0.0,0.2,0.0,0.0,0.0
0.0,0.0,0.192,0.0,0.0,0.0
0.0,0.0,0.184,0.0,0.0,0.0
0.0,0.0,0.176,0.0,0.0,0.0
0.0,0.0,0.168,0.0,0.0,0.0
0.0,0.0,0.16,0.0,0.0,0.0
0.0,0.0,0.152,0.0,0.0,0.0
0.0,0.0,0.144,0.0,0.0,0.0
0.0,0.0,0.136,0.0,0.0,0.0
0.0,0.0,0.128,0.0,0.0,0.0
0.0,0.0,0.12,0.0,0.0,0.0
0.0,0.0,0.112,0.0,0.0,0.0
0.0,0.0,0.104,0.0,0.0,0.0
0.0,0.0,0.096,0.0,0.0,0.0
0.0,0.0,0.088,0.0,0.0,0.0
0.0,0.0,0.08,0.0,0.0,0.0
0.0,0.0,0.072,0.0,0.0,0.0
0.0,0.0,0.064,0.0,0.0,0.0
0.0,0.0,0.056,0.0,0.0,0.0
0.0,0.0,0.048,0.0,0.0,0.0
0.0,0.0,0.04,0.0,0.0,0.0
0.0,0.0,0.032,0.0,0.0,0.0
0.0,0.0,0.024,0.0,0.0,0.0
0.0,0.0,0.016,0.0,0.0,0.0
0.0,0.0,0.008,0.0,0.0,0.0
0.0,0.0,0.0,0.0,0.0,0.0
0.0,0.0,-0.008,0.0,0.0,0.0
0.0,0.0,-0.016,0.0,0.0,0.0
0.0,0.0,-0.024,0.0,0.0,0.0
0.0,0.0,-0.032,0.0,0.0,0.0
0.0,0.0,-0.04,0.0,0.0,0.0
0.0,0.0,-0.048,0.0,0.0,0.0
0.0,0.0,-0.056,0.0,0.0,0.0
0.0,0.0,-0.064,0.0,0.0,0.0
0.0,0.0,-0.072,0.0,0.0,0.0
0.0,0.0,-0.08,0.0,0.0,0.0
0.0,0.0,-0.088,0.0,0.0,0.0
0.0,0.0,-0.096,0.0,0.0,0.0
0.0,0.0,-0.104,0.0,0.0,0.0
0.0,0.0,-0.112,0.0,0.0,0.0
0.0,0.0,-0.12,0.0,0.0,0.0
0.0,0.0,-0.128,0.0,0.0,0.0
0.0,0.0,-0.136,0.0,0.0,0.0
0.0,0.0,-0.144,0.0,0.0,0.0
0.0,0.0,-0.152,0.0,0.0,0.0
0.0,0.0,-0.16,0.0,0.0,0.0
0.0,0.0,-0.168,0.0,0.0,0.0
0.0,0.0,-0.176,0.0,0.0,0.0
0.0,0.0,-0.184,0.0,0.0,0.0
0.0,0.0,-0.192,0.0,0.0,0.0
0.0,0.0,-0.2,0.0,0.0,0.0
0.0,0.0,-0.208,0.0,0.0,0.0
0.0,0.0,-0.216,0.0,0.0,0.0
0.0,0.0,-0.224,0.0,0.0,0.0
0.0,0.0,-0.232,0.0,0.0,0.0
0.0,0.0,-0.24,0.0,0.0,0.0
0.0,0.0,-0.248,0.0,0.0,0.0
0.0,0.0,-0.256,0.0,0.0,0.0
0.0,0.0,-0.264,0.0,0.0,0.0
0.0,0.0,-0.272,0.0,0.0,0.0
0.0,0.0,-0.28,0.0,0.0,0.0
0.0,0.0,-0.288,0.0,0.0,0.0
0.0,0.0,-0.296,0.0,0.0,0.0
0.0,0.0,-0.304,0.0,0.0,0.0
0.0,0.0,-0.312,0.0,0.0,0.0
0.0,0.0,-0.32,0.0,0.0,0.0
0.0,0.0,-0.328,0.0,0.0,0.0
0.0,0.0,-0.336,0.0,0.0,0.0
0.0,0.0,-0.344,0.0,0.0,0.0
0.0,0.0,-0.352,0.0,0.0,0.0
0.0,0.0,-0.36,0.0,0.0,0.0
0.0,0.0,-0.368,0.0,0.0,0.0
0.0,0.0,-0.376,0.0,0.0,0.0
0.0,0.0,-0.384,0.0,0.0,0.0
0.0,0.0,-0.392,0.0,0.0,0.0
0.0,0.0,-0.4,0.0,0.0,0.0
0.0,0.0,-0.392,0.0,0.0,0.0
0.0,0.0,-0.384,0.0,0.0,0.0
0.0,0.0,-0.376,0.0,0.0,0.0
0.0,0.0,-0.368,0.0,0.0,0.0
0.0,0.0,-0.36,0.0,0.0,0.0
0.0,0.0,-0.352,0.0,0.0,0.0
0.0,0.0,-0.344,0.0,0.0,0.0
0.0,0.0,-0.336,0.0,0.0,0.0
0.0,0.0,-0.328,0.0,0.0,0.0
0.0,0.0,-0.32,0.0,0.0,0.0
0.0,0.0,-0.312,0.0,0.0,0.0
0.0,0.0,-0.304,0.0,0.0,0.0
0.0,0.0,-0.296,0.0,0.0,0.0
0.0,0.0,-0.288,0.0,0.0,0.0
0.0,0.0,-0.28,0.0,0.0,0.0
0.0,0.0,-0.272,0.0,0.0,0.0
0.0,0.0,-0.264,0.0,0.0,0.0
0.0,0.0,-0.256,0.0,0.0,0.0
0.0,0.0,-0.248,0.0,0.0,0.0
0.0,0.0,-0.24,0.0,0.0,0.0
0.0,0.0,-0.232,0.0,0.0,0.0
0.0,0.0,-0.224,0.0,0.0,0.0
0.0,0.0,-0.216,0.0,0.0,0.0
0.0,0.0,-0.208,0.0,0.0,0.0
0.0,0.0,-0.2,0.0,0.0,0.0
0.0,0.0,-0.192,0.0,0.0,0.0
0.0,0.0,-0.184,0.0,0.0,0.0
0.0,0.0,-0.176,0.0,0.0,0.0
0.0,0.0,-0.168,0.0,0.0,0.0
0.0,0.0,-0.16,0.0,0.0,0.0
0.0,0.0,-0.152,0.0,0.0,0.0
0.0,0.0,-0.144,0.0,0.0,0.0
0.0,0.0,-0.136,0.0,0.0,0.0
0.0,0.0,-0.128,0.0,0.0,0.0
0.0,0.0,-0.12,0.0,0.0,0.0
0.0,0.0,-0.112,0.0,0.0,0.0
0.0,0.0,-0.104,0.0,0.0,0.0
0.0,0.0,-0.096,0.0,0.0,0.0
0.0,0.0,-0.088,0.0,0.0,0.0
0.0,0.0,-0.08,0.0,0.0,0.0
0.0,0.0,-0.072,0.0,0.0,0.0
0.0,0.0,-0.064,0.0,0.0,0.0
0.0,0.0,-0.056,0.0,0.0,0.0
0.0,0.0,-0.048,0.0,0.0,0.0
0.0,0.0,-0.04,0.0,0.0,0.0
0.0,0.0,-0.032,0.0,0.0,0.0
0.0,0.0,-0.024,0.0,0.0,0.0
0.0,0.0,-0.016,0.0,0.0,0.0
0.0,0.0,-0.008,0.0,0.0,0.0
0.0,0.0,0.0,0.0,0.0,0.0
